[gd_scene load_steps=17 format=2]

[ext_resource path="res://res/materials/visual/wall.tres" type="Material" id=1]
[ext_resource path="res://res/materials/physics/bounce.tres" type="PhysicsMaterial" id=2]
[ext_resource path="res://src/Players/Player.tscn" type="PackedScene" id=3]

[sub_resource type="BoxShape" id=1]
extents = Vector3( 0.5, 0.5, 15 )

[sub_resource type="CubeMesh" id=2]
material = ExtResource( 1 )
size = Vector3( 1, 1, 30 )

[sub_resource type="PhysicsMaterial" id=3]
friction = 0.0

[sub_resource type="BoxShape" id=4]
extents = Vector3( 10, 0.5, 15 )

[sub_resource type="CubeMesh" id=5]
size = Vector3( 21, 1, 30 )

[sub_resource type="SpatialMaterial" id=6]
albedo_color = Color( 0.588235, 0.662745, 1, 1 )

[sub_resource type="PhysicsMaterial" id=7]
friction = 0.0
bounce = 1.0

[sub_resource type="SphereShape" id=8]
radius = 0.25

[sub_resource type="SphereMesh" id=9]

[sub_resource type="Skin" id=10]

[sub_resource type="SpatialMaterial" id=11]
albedo_color = Color( 0.623529, 0.623529, 0.623529, 1 )
metallic = 0.5

[sub_resource type="Animation" id=12]
resource_name = "test"
length = 60.0
tracks/0/type = "value"
tracks/0/path = NodePath(".:transform")
tracks/0/interp = 1
tracks/0/loop_wrap = true
tracks/0/imported = false
tracks/0/enabled = true
tracks/0/keys = {
"times": PoolRealArray( 0, 10.9, 32.1, 42.067 ),
"transitions": PoolRealArray( 1, 1, 1, 1 ),
"update": 0,
"values": [ Transform( -1.58877e-07, -0.790241, 0.612796, 3.60727e-08, 0.612796, 0.790241, -1, 1.47657e-07, -6.88533e-08, 24.4473, 20, 0 ), Transform( -1.28716e-07, -0.768071, 0.640364, 5.55216e-08, 0.640364, 0.768071, -1, 1.34417e-07, -3.97807e-08, 14.4912, 15.8493, 0 ), Transform( -2.83122e-07, -1, 1.60446e-07, -2.82908e-08, 1.60446e-07, 1, -1, 2.83122e-07, -2.82909e-08, -0.775928, 18.131, 0 ), Transform( 1.05676e-08, -0.0648632, -0.997894, -1.62578e-07, 0.997894, -0.0648632, 1, 1.62921e-07, 7.10543e-15, -18.9214, 4.62218, 0.0129452 ) ]
}
tracks/1/type = "value"
tracks/1/path = NodePath(".:rotation_degrees")
tracks/1/interp = 1
tracks/1/loop_wrap = true
tracks/1/imported = false
tracks/1/enabled = true
tracks/1/keys = {
"times": PoolRealArray( 0, 10.9, 15.3, 19.9, 32.1, 42.067 ),
"transitions": PoolRealArray( 1, 1, 1, 1, 1, 1 ),
"update": 0,
"values": [ Vector3( -24.484, 90, 6.66359e-06 ), Vector3( -50.181, 90, 4.96772e-06 ), Vector3( -50.181, 108.885, 4.96772e-06 ), Vector3( -50.181, 65.988, 4.96772e-06 ), Vector3( -90, -90, 0 ), Vector3( 3.719, -90, -9.33467e-06 ) ]
}

[sub_resource type="GDScript" id=13]
script/source = "extends AnimationPlayer



# Called when the node enters the scene tree for the first time.
func _ready():
	play(\"test\")

"

[node name="Root" type="Spatial"]

[node name="Level" type="Spatial" parent="."]

[node name="Boundaries" type="Spatial" parent="Level"]

[node name="Wall1" type="StaticBody" parent="Level/Boundaries"]
transform = Transform( 1, 0, 0, 0, 1, 0, 0, 0, 1, -10, 1, 0 )
physics_material_override = ExtResource( 2 )

[node name="CollisionShape" type="CollisionShape" parent="Level/Boundaries/Wall1"]
shape = SubResource( 1 )

[node name="MeshInstance" type="MeshInstance" parent="Level/Boundaries/Wall1"]
mesh = SubResource( 2 )
material/0 = ExtResource( 1 )

[node name="Wall2" type="StaticBody" parent="Level/Boundaries"]
transform = Transform( 1, 0, 0, 0, 1, 0, 0, 0, 1, 10, 1, 0 )
physics_material_override = ExtResource( 2 )

[node name="CollisionShape" type="CollisionShape" parent="Level/Boundaries/Wall2"]
shape = SubResource( 1 )

[node name="MeshInstance" type="MeshInstance" parent="Level/Boundaries/Wall2"]
mesh = SubResource( 2 )
material/0 = null

[node name="Floor" type="StaticBody" parent="Level/Boundaries"]
physics_material_override = SubResource( 3 )

[node name="CollisionShape" type="CollisionShape" parent="Level/Boundaries/Floor"]
shape = SubResource( 4 )

[node name="MeshInstance" type="MeshInstance" parent="Level/Boundaries/Floor"]
mesh = SubResource( 5 )
material/0 = SubResource( 6 )

[node name="Ball" type="RigidBody" parent="Level"]
transform = Transform( 1, 0, 0, 0, 1, 0, 0, 0, 1, 0, 1, 0 )
mass = 91.8367
physics_material_override = SubResource( 7 )
linear_velocity = Vector3( 0, 0, 10 )
linear_damp = 0.0

[node name="CollisionShape" type="CollisionShape" parent="Level/Ball"]
shape = SubResource( 8 )

[node name="MeshInstance" type="MeshInstance" parent="Level/Ball"]
transform = Transform( 0.278657, 0, 0, 0, 0.278657, 0, 0, 0, 0.278657, 0, 0, 0 )
mesh = SubResource( 9 )
skin = SubResource( 10 )
material/0 = SubResource( 11 )

[node name="Player1" parent="Level" instance=ExtResource( 3 )]
transform = Transform( 1, 0, 0, 0, 1, 0, 0, 0, 1, 0, 1, 14 )

[node name="Player2" parent="Level" instance=ExtResource( 3 )]
transform = Transform( 1, 0, 0, 0, 1, 0, 0, 0, 1, 0, 1, -14 )
player_id = "p2"

[node name="Camera" type="Camera" parent="."]
transform = Transform( -9.19113e-08, -0.414439, 0.910077, 1.05843e-07, 0.910077, 0.414439, -1, 1.34417e-07, -3.97807e-08, 24.4473, 20, 0 )

[node name="AnimationPlayer" type="AnimationPlayer" parent="Camera"]
playback_process_mode = 0
anims/test = SubResource( 12 )
script = SubResource( 13 )
